Date,Open,High,Low,Close,Adj Close,Volume
2021-10-29,4.230344772338867,5.994861125946045,3.8499810695648193,4.560044765472412,4.560044765472412,32313216
2021-10-30,4.600220203399658,6.079130172729492,2.9498209953308105,4.804294109344482,4.804294109344482,43363910
2021-10-31,4.838128089904785,4.976398944854736,3.4658260345458984,4.513482093811035,4.513482093811035,17259687
2021-11-01,4.498929023742676,4.633810043334961,4.237332820892334,4.335577011108398,4.335577011108398,10703582
2021-11-02,4.328104019165039,5.541310787200928,4.292173862457275,4.919457912445068,4.919457912445068,17054479
2021-11-03,4.919527053833008,7.738323211669922,4.894424915313721,6.732524871826172,6.732524871826172,38447630
2021-11-04,6.721268177032471,7.098136901855469,5.8465352058410645,6.620471954345703,6.620471954345703,17500326
2021-11-05,6.63355016708374,6.831338882446289,4.99102783203125,5.1975321769714355,5.1975321769714355,16436100
2021-11-06,5.2014641761779785,5.626938819885254,4.906795024871826,5.169652938842773,5.169652938842773,12014059
2021-11-07,5.170575141906738,5.560466766357422,5.008588790893555,5.106509208679199,5.106509208679199,9012574
2021-11-08,5.083296775817871,5.234892845153809,4.519390106201172,4.778141975402832,4.778141975402832,12653910
2021-11-09,4.776936054229736,4.980233192443848,4.037221908569336,4.357410907745361,4.357410907745361,17569887
2021-11-10,4.382534027099609,5.3607869148254395,4.069430828094482,4.557916164398193,4.557916164398193,19867806
2021-11-11,4.558263778686523,5.5290141105651855,4.540111064910889,5.155801773071289,5.155801773071289,23464323
2021-11-12,5.152690887451172,5.2481160163879395,4.318301200866699,4.589408874511719,4.589408874511719,15944230
2021-11-13,4.594092845916748,4.72235107421875,4.37452507019043,4.514817237854004,4.514817237854004,10484615
2021-11-14,4.514377117156982,4.770985126495361,4.444637775421143,4.516313076019287,4.516313076019287,7860672
2021-11-15,4.516833782196045,5.142507076263428,4.4727020263671875,4.583016872406006,4.583016872406006,14839288
2021-11-16,4.594837188720703,5.7949137687683105,4.039416790008545,4.11863899230957,4.11863899230957,14355838
2021-11-17,4.119030952453613,4.602964878082275,4.067789077758789,4.521994113922119,4.521994113922119,10844922
2021-11-18,4.515188217163086,4.721164226531982,4.040970802307129,4.2102861404418945,4.2102861404418945,14225171
2021-11-19,4.21049690246582,4.525953769683838,4.1359148025512695,4.424656867980957,4.424656867980957,12246261
2021-11-20,4.423908233642578,6.1906819343566895,4.417511940002441,6.006258010864258,6.006258010864258,31662402
2021-11-21,6.001347064971924,6.192781925201416,5.117181777954102,5.327428817749023,5.327428817749023,29164855
2021-11-22,5.3277268409729,5.3277268409729,4.803252220153809,4.951775074005127,4.951775074005127,14522718
2021-11-23,4.951630115509033,5.282563209533691,4.834255218505859,5.055055141448975,5.055055141448975,12590532
2021-11-24,5.052865982055664,5.725800037384033,5.034335136413574,5.080851078033447,5.080851078033447,13927285
2021-11-25,5.704401969909668,6.3475751876831055,5.447927951812744,6.047946929931641,6.047946929931641,25162123
2021-11-26,5.966540813446045,6.48116397857666,4.920597076416016,5.1010918617248535,5.1010918617248535,33594584
2021-11-27,5.113138198852539,5.385509014129639,5.031102180480957,5.140131950378418,5.140131950378418,12695525
2021-11-28,5.138824939727783,5.2847580909729,4.606007099151611,5.283091068267822,5.283091068267822,13259304
2021-11-29,5.283086776733398,6.116949081420898,5.283086776733398,6.028014183044434,6.028014183044434,21181413
2021-11-30,6.034064769744873,7.1989312171936035,5.574035167694092,6.646556854248047,6.646556854248047,28004721
2021-12-01,6.643774032592773,7.213883876800537,6.116943836212158,6.315583229064941,6.315583229064941,27479199
2021-12-02,6.327753067016602,6.645223140716553,5.80559778213501,6.261653900146484,6.261653900146484,22410448
2021-12-03,6.266790866851807,6.384730815887451,5.02153205871582,5.352409839630127,5.352409839630127,20483891
2021-12-04,5.352685928344727,5.352685928344727,3.430433988571167,4.894259929656982,4.894259929656982,26728697
2021-12-05,4.893365859985352,4.902291774749756,3.821937084197998,4.128532886505127,4.128532886505127,15859202
2021-12-06,4.126891136169434,4.376926898956299,3.312868118286133,4.122374057769775,4.122374057769775,18057002
2021-12-07,4.124281883239746,4.421441078186035,3.963162899017334,4.225319862365723,4.225319862365723,13656941
2021-12-08,4.221643924713135,5.826241970062256,4.184250831604004,5.63453483581543,5.63453483581543,27244598
2021-12-09,5.625956058502197,5.625956058502197,4.756002902984619,4.8730549812316895,4.8730549812316895,28158046
2021-12-10,4.871364116668701,8.825234413146973,4.870538234710693,7.258731842041016,7.258731842041016,146483341
2021-12-11,7.2893500328063965,8.239580154418945,6.7168660163879395,6.898496150970459,6.898496150970459,88648189
2021-12-12,6.8969550132751465,7.080874919891357,6.0240278244018555,6.716217994689941,6.716217994689941,44199849
2021-12-13,6.7171630859375,6.736213207244873,4.984216213226318,5.483676910400391,5.483676910400391,36759362
2021-12-14,5.4674577713012695,5.4674577713012695,4.482056140899658,4.716746807098389,4.716746807098389,30630120
2021-12-15,5.347685813903809,6.616096019744873,4.895511150360107,6.223549842834473,6.223549842834473,50468201
2021-12-16,6.202902793884277,7.450370788574219,6.010217189788818,6.660869121551514,6.660869121551514,69477973
2021-12-17,6.661963939666748,7.460158824920654,5.79393196105957,6.07101583480835,6.07101583480835,56409743
2021-12-18,6.070422172546387,6.581337928771973,5.7575531005859375,6.237958908081055,6.237958908081055,28225609
2021-12-19,6.240815162658691,6.5589728355407715,5.57790994644165,5.715446949005127,5.715446949005127,21031017
2021-12-20,5.71547794342041,6.120544910430908,5.241521835327148,5.787035942077637,5.787035942077637,27277866
2021-12-21,5.778052806854248,6.036880970001221,5.540669918060303,5.675371170043945,5.675371170043945,19842419
2021-12-22,5.674368858337402,5.951712131500244,5.413905143737793,5.452993869781494,5.452993869781494,23976129
2021-12-23,5.462170124053955,6.183689117431641,5.429483890533447,5.945521831512451,5.945521831512451,31957738
2021-12-24,5.942708969116211,5.985826015472412,5.506874084472656,5.514562129974365,5.514562129974365,20120467
2021-12-25,5.515725135803223,5.518351078033447,5.143829822540283,5.269209861755371,5.269209861755371,19090153
2021-12-26,5.273575782775879,5.278134822845459,4.925683975219727,5.236239910125732,5.236239910125732,19628273
2021-12-27,5.231006145477295,5.24066686630249,5.004701137542725,5.059899806976318,5.059899806976318,15867232
2021-12-28,5.059729099273682,5.087453842163086,4.387613773345947,4.510385990142822,4.510385990142822,18930040
2021-12-29,4.509786128997803,4.889587879180908,4.30377197265625,4.326687812805176,4.326687812805176,23451464
2021-12-30,4.318731784820557,4.660383224487305,4.213813781738281,4.33955717086792,4.33955717086792,15610698
2021-12-31,4.340652942657471,4.560689926147461,4.241020202636719,4.338387966156006,4.338387966156006,16281221
2022-01-01,4.338184833526611,4.604987144470215,4.301545143127441,4.375356197357178,4.375356197357178,14155442
2022-01-02,4.375205993652344,4.445158958435059,4.315896987915039,4.361239910125732,4.361239910125732,10015704
2022-01-03,4.359511852264404,4.603923797607422,4.050006866455078,4.167390823364258,4.167390823364258,18301847
2022-01-04,4.165441989898682,4.197544097900391,3.873737096786499,3.8981220722198486,3.8981220722198486,13601002
2022-01-05,3.89778995513916,4.162611961364746,3.3571929931640625,3.7109949588775635,3.7109949588775635,22556990
2022-01-06,3.708962917327881,3.708962917327881,3.3582639694213867,3.4896891117095947,3.4896891117095947,18440643
2022-01-07,3.489701986312866,3.494472026824951,3.065924882888794,3.072624921798706,3.072624921798706,17145511
2022-01-08,3.072741985321045,3.3859028816223145,2.918703079223633,3.064152956008911,3.064152956008911,20522311
2022-01-09,3.0628199577331543,4.07224178314209,2.9947850704193115,3.6777870655059814,3.6777870655059814,32387396
2022-01-10,3.678934097290039,3.92962908744812,3.0388259887695312,3.1276800632476807,3.1276800632476807,29574699
2022-01-11,3.128959894180298,3.2869529724121094,2.6130669116973877,2.9192609786987305,2.9192609786987305,54331908
2022-01-12,2.919429063796997,3.0625100135803223,2.701817035675049,3.023819923400879,3.023819923400879,31434029
2022-01-13,3.023422956466675,3.023422956466675,2.692194938659668,2.798504114151001,2.798504114151001,20365636
2022-01-14,2.799314022064209,3.011246919631958,2.7655389308929443,2.9335498809814453,2.9335498809814453,18895441
2022-01-15,2.933583974838257,3.419835090637207,2.9237210750579834,3.2668089866638184,3.2668089866638184,29001583
2022-01-16,3.268026113510132,3.405082941055298,3.1815741062164307,3.312138080596924,3.312138080596924,22626873
2022-01-17,3.3121140003204346,3.3824660778045654,3.0690510272979736,3.3602499961853027,3.3602499961853027,22703426
2022-01-18,3.3608479499816895,3.4643781185150146,3.135727882385254,3.245176076889038,3.245176076889038,18942404
2022-01-19,3.2452011108398438,3.3248629570007324,3.035254955291748,3.109560966491699,3.109560966491699,11287575
2022-01-20,3.107870101928711,3.159343957901001,2.7932870388031006,2.794390916824341,2.794390916824341,6598008
2022-01-21,2.794490098953247,2.834578037261963,2.1369800567626953,2.2639780044555664,2.2639780044555664,21483759
2022-01-22,2.2738099098205566,2.394747018814087,1.964473009109497,2.110635995864868,2.110635995864868,19411409
2022-01-23,2.1109120845794678,2.834625005722046,2.0152499675750732,2.574681043624878,2.574681043624878,16786184
2022-01-24,2.573348045349121,2.796518087387085,2.1670620441436768,2.607475996017456,2.607475996017456,26155695
2022-01-25,2.607503890991211,2.676345109939575,2.3358020782470703,2.37027907371521,2.37027907371521,11698200
2022-01-26,2.3704540729522705,2.6109418869018555,2.176115036010742,2.3178720474243164,2.3178720474243164,14319784
2022-01-27,2.3166210651397705,2.360732078552246,2.134603977203369,2.2246570587158203,2.2246570587158203,12235589
2022-01-28,2.226012945175171,2.2646870613098145,2.149873971939087,2.2577340602874756,2.2577340602874756,10157903
2022-01-29,2.257401943206787,2.3408119678497314,2.2336409091949463,2.338223934173584,2.338223934173584,22005873
2022-01-30,2.3398380279541016,2.3902549743652344,2.0819718837738037,2.1321020126342773,2.1321020126342773,12220834
2022-01-31,2.1322340965270996,2.2108280658721924,2.055150032043457,2.1390891075134277,2.1390891075134277,13894993
2022-02-01,2.140064001083374,2.2488338947296143,2.0724549293518066,2.0948150157928467,2.0948150157928467,7177144
2022-02-02,2.0940659046173096,2.4778079986572266,2.080683946609497,2.167423963546753,2.167423963546753,13278459
2022-02-03,2.167351007461548,2.5524098873138428,2.1532089710235596,2.252924919128418,2.252924919128418,19728390
2022-02-04,2.2530109882354736,2.322770118713379,2.203378915786743,2.290926933288574,2.290926933288574,7737460
2022-02-05,2.291076898574829,2.4563419818878174,2.2628540992736816,2.3041388988494873,2.3041388988494873,10006907
2022-02-06,2.3042008876800537,2.453028917312622,2.254573106765747,2.32143497467041,2.32143497467041,10476709
2022-02-07,2.321042060852051,2.543586015701294,2.275507926940918,2.3861451148986816,2.3861451148986816,10161750
2022-02-08,2.387608051300049,2.5667660236358643,2.115731954574585,2.2486159801483154,2.2486159801483154,11459844
2022-02-09,2.2481749057769775,2.3184618949890137,2.1409029960632324,2.2067630290985107,2.2067630290985107,9069832
2022-02-10,2.206763982772827,2.2524731159210205,2.030755043029785,2.0638599395751953,2.0638599395751953,8510405
2022-02-11,2.0635650157928467,2.1870639324188232,1.9125460386276245,1.9783999919891357,1.9783999919891357,12424581
2022-02-12,1.9801750183105469,2.019568920135498,1.9207639694213867,1.9237509965896606,1.9237509965896606,7461423
2022-02-13,1.9233800172805786,1.9927020072937012,1.856287956237793,1.8959239721298218,1.8959239721298218,6739533
2022-02-14,1.8957569599151611,1.899548053741455,1.7533049583435059,1.8296090364456177,1.8296090364456177,8973216
2022-02-15,1.8296910524368286,1.9841209650039673,1.7922790050506592,1.9835909605026245,1.9835909605026245,8753929
2022-02-16,1.9834729433059692,1.9834729433059692,1.8004729747772217,1.8561140298843384,1.8561140298843384,7598447
2022-02-17,1.856497049331665,1.8732810020446777,1.6454789638519287,1.6521819829940796,1.6521819829940796,7673010
2022-02-18,1.6523009538650513,1.726714015007019,1.5786210298538208,1.6105519533157349,1.6105519533157349,8305174
2022-02-19,1.6102080345153809,1.6398719549179077,1.5097930431365967,1.5580320358276367,1.5580320358276367,6715851
2022-02-20,1.5585700273513794,1.5761950016021729,1.4202569723129272,1.4464889764785767,1.4464889764785767,6842068
2022-02-21,1.4463779926300049,1.5621600151062012,1.246696949005127,1.2496939897537231,1.2496939897537231,6735991
2022-02-22,1.2494820356369019,1.338744044303894,1.211567997932434,1.313541054725647,1.313541054725647,10921657
2022-02-23,1.3131760358810425,1.3540400266647339,1.1884510517120361,1.1884510517120361,1.1884510517120361,6661477
2022-02-24,1.187580943107605,1.2581419944763184,1.0187230110168457,1.1232550144195557,1.1232550144195557,19969936
2022-02-25,1.123242974281311,1.2032389640808105,1.120190978050232,1.1995470523834229,1.1995470523834229,8683486
2022-02-26,1.1998499631881714,1.3029439449310303,1.1633800268173218,1.2402360439300537,1.2402360439300537,8934019
2022-02-27,1.2401540279388428,1.5200209617614746,1.1851409673690796,1.3032920360565186,1.3032920360565186,23156786
2022-02-28,1.3022840023040771,1.3532030582427979,1.253851056098938,1.3511250019073486,1.3511250019073486,14646384
2022-03-01,1.3515770435333252,1.3853329420089722,1.2640249729156494,1.2847980260849,1.2847980260849,10518820
2022-03-02,1.2853519916534424,1.313886046409607,1.2456790208816528,1.268612027168274,1.268612027168274,9446343
2022-03-03,1.269063949584961,1.3160589933395386,1.21881902217865,1.2482529878616333,1.2482529878616333,10764790
2022-03-04,1.2483869791030884,1.2990139722824097,1.1483880281448364,1.1662659645080566,1.1662659645080566,9547943
2022-03-05,1.1663039922714233,1.2625470161437988,1.1552540063858032,1.2271950244903564,1.2271950244903564,8299815
2022-03-06,1.2271230220794678,1.2426140308380127,1.080826997756958,1.1001290082931519,1.1001290082931519,7801305
2022-03-07,1.1000709533691406,1.2770700454711914,1.0190889835357666,1.1313689947128296,1.1313689947128296,16507548
2022-03-08,1.1315209865570068,1.3742189407348633,1.1315209865570068,1.173071026802063,1.173071026802063,24336815
2022-03-09,1.1735080480575562,1.3323049545288086,1.1735080480575562,1.2204289436340332,1.2204289436340332,12155889
2022-03-10,1.2203259468078613,1.2253470420837402,1.1083940267562866,1.12643301486969,1.12643301486969,8633371
2022-03-11,1.1259980201721191,1.133165955543518,1.0547930002212524,1.0661259889602661,1.0661259889602661,7769105
2022-03-12,1.0661590099334717,1.1191190481185913,1.0661590099334717,1.0677770376205444,1.0677770376205444,5635523
2022-03-13,1.0677670240402222,1.0866680145263672,1.03725004196167,1.0460540056228638,1.0460540056228638,5010201
2022-03-14,1.046275019645691,1.0706110000610352,0.9959160089492798,1.0413169860839844,1.0413169860839844,5986584
2022-03-15,1.041275978088379,1.0498390197753906,1.0057419538497925,1.0239429473876953,1.0239429473876953,5974131
2022-03-16,1.0239310264587402,1.0840539932250977,1.019894003868103,1.0780969858169556,1.0780969858169556,7063078
2022-03-17,1.0781069993972778,1.0828700065612793,1.049949049949646,1.0562870502471924,1.0562870502471924,6118198
2022-03-18,1.0562939643859863,1.0628620386123657,1.017840027809143,1.0499049425125122,1.0499049425125122,6388193
2022-03-19,1.049873948097229,1.2452839612960815,1.0491429567337036,1.2082799673080444,1.2082799673080444,13976630
2022-03-20,1.2089289426803589,1.246135950088501,1.1105660200119019,1.1186389923095703,1.1186389923095703,12761661
2022-03-21,1.1184710264205933,1.1345829963684082,1.092797040939331,1.1150230169296265,1.1150230169296265,8075881
2022-03-22,1.1149849891662598,1.3682440519332886,1.1004389524459839,1.305582046508789,1.305582046508789,19926243
2022-03-23,1.3055479526519775,1.3756829500198364,1.1986279487609863,1.362625002861023,1.362625002861023,13247437
2022-03-24,1.3628530502319336,1.7360609769821167,1.3628530502319336,1.560426950454712,1.560426950454712,29789892
2022-03-25,1.560492992401123,1.5691989660263062,1.372182011604309,1.4110759496688843,1.4110759496688843,13655806
2022-03-26,1.411044955253601,1.5351070165634155,1.403298020362854,1.418073058128357,1.418073058128357,7181952
2022-03-27,1.4179129600524902,1.500931978225708,1.393638014793396,1.4937549829483032,1.4937549829483032,5554394
2022-03-28,1.4972519874572754,1.5333629846572876,1.3918650150299072,1.3918650150299072,1.3918650150299072,8880265
2022-03-29,1.3923120498657227,1.5104039907455444,1.3923120498657227,1.4912760257720947,1.4912760257720947,6322346
2022-03-30,1.4907710552215576,1.5934189558029175,1.4086580276489258,1.5171829462051392,1.5171829462051392,8242037
2022-03-31,1.517227053642273,1.6459410190582275,1.3919949531555176,1.4034819602966309,1.4034819602966309,13292217
2022-04-01,1.403257966041565,1.6425390243530273,1.3557709455490112,1.6425390243530273,1.6425390243530273,24160579
2022-04-02,1.6417920589447021,1.8219109773635864,1.601842999458313,1.6069799661636353,1.6069799661636353,27148828
2022-04-03,1.6075719594955444,1.6982300281524658,1.5760409832000732,1.6467750072479248,1.6467750072479248,15904697
2022-04-04,1.6466330289840698,1.6865309476852417,1.4672950506210327,1.5516239404678345,1.5516239404678345,16747639
2022-04-05,1.5515979528427124,1.5782510042190552,1.4560240507125854,1.4565540552139282,1.4565540552139282,8900860
2022-04-06,1.4567079544067383,1.4600000381469727,1.2841099500656128,1.2841349840164185,1.2841349840164185,10208460
2022-04-07,1.2841650247573853,1.314466953277588,1.2409559488296509,1.3008509874343872,1.3008509874343872,9656847
2022-04-08,1.3004169464111328,1.326882004737854,1.2186789512634277,1.2390589714050293,1.2390589714050293,9641809
2022-04-09,1.239001989364624,1.2819199562072754,1.2260489463806152,1.276366949081421,1.276366949081421,4301302
2022-04-10,1.2774410247802734,1.3042420148849487,1.2178319692611694,1.2178319692611694,1.2178319692611694,5122930
2022-04-11,1.216770052909851,1.216770052909851,1.0440579652786255,1.0481990575790405,1.0481990575790405,7433356
2022-04-12,1.0483299493789673,1.1271820068359375,1.0444689989089966,1.0856659412384033,1.0856659412384033,8195327
2022-04-13,1.08433198928833,1.1173570156097412,1.0737539529800415,1.1034890413284302,1.1034890413284302,3995701
2022-04-14,1.1035490036010742,1.1279339790344238,1.0638810396194458,1.077025055885315,1.077025055885315,3620546
2022-04-15,1.0774359703063965,1.115447998046875,1.0727059841156006,1.0999809503555298,1.0999809503555298,2669048
2022-04-16,1.0999540090560913,1.1110479831695557,1.0751080513000488,1.0938570499420166,1.0938570499420166,2452780
2022-04-17,1.0938889980316162,1.0962120294570923,1.0389959812164307,1.0389959812164307,1.0389959812164307,2325824
2022-04-18,1.038267970085144,1.0763059854507446,0.9969480037689209,1.059196949005127,1.059196949005127,5348019
2022-04-19,1.0595769882202148,1.1268969774246216,1.0588929653167725,1.1217299699783325,1.1217299699783325,4321317
2022-04-20,1.121744990348816,1.201658010482788,1.0995750427246094,1.1042569875717163,1.1042569875717163,8555203
2022-04-21,1.1038800477981567,1.1812150478363037,1.0363960266113281,1.064903974533081,1.064903974533081,5637535
2022-04-22,1.0648549795150757,1.093703031539917,1.036255955696106,1.0585349798202515,1.0585349798202515,5613198
2022-04-23,1.0585110187530518,1.06597900390625,1.034311056137085,1.036942958831787,1.036942958831787,3057874
2022-04-24,1.0365350246429443,1.0554649829864502,1.0203429460525513,1.0323940515518188,1.0323940515518188,5993480
2022-04-25,1.0328320264816284,1.0370349884033203,0.9391289949417114,1.025702953338623,1.025702953338623,6013937
2022-04-26,1.0257079601287842,1.0344369411468506,0.9158679842948914,0.9348629713058472,0.9348629713058472,4701039
2022-04-27,0.9347320199012756,0.9634360074996948,0.9259639978408813,0.9405739903450012,0.9405739903450012,6054248
2022-04-28,0.9404420256614685,0.9924129843711853,0.9339439868927002,0.9473109841346741,0.9473109841346741,5122595
2022-04-29,0.9466850161552429,0.9543740153312683,0.8129720091819763,0.8321689963340759,0.8321689963340759,6311573
2022-04-30,0.8322880268096924,0.8443379998207092,0.6645539999008179,0.6986799836158752,0.6986799836158752,6667763
2022-05-01,0.698468029499054,0.743137001991272,0.6925740242004395,0.7340869903564453,0.7340869903564453,7499130
2022-05-02,0.733601987361908,0.7635599970817566,0.7064759731292725,0.7318789958953857,0.7318789958953857,7119545
2022-05-03,0.7318699955940247,0.8001350164413452,0.7265490293502808,0.7454320192337036,0.7454320192337036,7202589
2022-05-04,0.745540976524353,0.8344849944114685,0.7451919913291931,0.8263670206069946,0.8263670206069946,7122351
2022-05-05,0.8262400031089783,0.8290929794311523,0.6854540109634399,0.7153990268707275,0.7153990268707275,7802269
2022-05-06,0.7152320146560669,0.7231550216674805,0.667631983757019,0.7009980082511902,0.7009980082511902,8222073
2022-05-07,0.701026976108551,0.7328460216522217,0.6836649775505066,0.6978560090065002,0.6978560090065002,7543792
2022-05-08,0.697767972946167,0.717100977897644,0.6500030159950256,0.668537974357605,0.668537974357605,6823777
2022-05-09,0.6682379841804504,0.6886039972305298,0.5344169735908508,0.5344169735908508,0.5344169735908508,8599204
2022-05-10,0.531777024269104,0.595441997051239,0.5033040046691895,0.5231350064277649,0.5231350064277649,10447469
2022-05-11,0.5226820111274719,0.5401269793510437,0.275738000869751,0.3139219880104065,0.3139219880104065,10344210
2022-05-12,0.3134160041809082,0.3277429938316345,0.23121699690818787,0.2839660048484802,0.2839660048484802,12645200
2022-05-13,0.28336799144744873,0.37025201320648193,0.2797360122203827,0.33894801139831543,0.33894801139831543,5422153
2022-05-14,0.33888399600982666,0.3695729970932007,0.3165760040283203,0.35082998871803284,0.35082998871803284,3629145
2022-05-15,0.35068100690841675,0.42060399055480957,0.3421269953250885,0.41648098826408386,0.41648098826408386,2571710
2022-05-16,0.41660401225090027,0.41660401225090027,0.3516339957714081,0.3603290021419525,0.3603290021419525,2091516
2022-05-17,0.36051398515701294,0.385670006275177,0.35942500829696655,0.38165101408958435,0.38165101408958435,2398918
2022-05-18,0.381756991147995,0.3917199969291687,0.3305479884147644,0.3307029902935028,0.3307029902935028,2020442
2022-05-19,0.3306869864463806,0.38680198788642883,0.3238089978694916,0.3809080123901367,0.3809080123901367,4184494
2022-05-20,0.3809269964694977,0.9609839916229248,0.3760469853878021,0.8620510101318359,0.8620510101318359,57568620
2022-05-21,0.8630920052528381,1.3970019817352295,0.7003269791603088,1.0888290405273438,1.0888290405273438,92277050
2022-05-22,1.0886369943618774,1.1928479671478271,0.9106559753417969,0.9607120156288147,0.9607120156288147,50221658
2022-05-23,0.960893988609314,0.9781110286712646,0.6390489935874939,0.7015650272369385,0.7015650272369385,27904498
2022-05-24,0.7018589973449707,0.9284060001373291,0.6306589841842651,0.8552219867706299,0.8552219867706299,34086481
2022-05-25,0.8540830016136169,0.872573971748352,0.7020519971847534,0.7763919830322266,0.7763919830322266,30668774
2022-05-26,0.777014970779419,0.7820870280265808,0.6563979983329773,0.686286985874176,0.686286985874176,18104396
2022-05-27,0.6854950189590454,0.6854950189590454,0.6073939800262451,0.623170018196106,0.623170018196106,11300866
2022-05-28,0.6442570090293884,0.6909710168838501,0.6178699731826782,0.6234999895095825,0.6234999895095825,8069308
2022-05-29,0.6233909726142883,0.6408039927482605,0.5848140120506287,0.6168109774589539,0.6168109774589539,5694757
2022-05-30,0.616936981678009,0.7795469760894775,0.608788013458252,0.7670770287513733,0.7670770287513733,15018173
2022-05-31,0.7675690054893494,0.9147189855575562,0.7177960276603699,0.8158100247383118,0.8158100247383118,24223384
2022-06-01,0.8156939744949341,0.8356509804725647,0.6691650152206421,0.6812459826469421,0.6812459826469421,15278530
2022-06-02,0.6812099814414978,0.8337470293045044,0.6699129939079285,0.8323469758033752,0.8323469758033752,15657200
2022-06-03,0.836633026599884,0.8583880066871643,0.7430980205535889,0.8126339912414551,0.8126339912414551,19195252
2022-06-04,0.8126649856567383,0.8852570056915283,0.796500027179718,0.8435739874839783,0.8435739874839783,13636419
2022-06-05,0.8440120220184326,0.8465049862861633,0.7913140058517456,0.81939697265625,0.81939697265625,8321277
2022-06-06,0.8200590014457703,0.8995959758758545,0.8200590014457703,0.840719997882843,0.840719997882843,13062120
2022-06-07,0.8410490155220032,0.8700180053710938,0.803633987903595,0.8401020169258118,0.8401020169258118,12646271
2022-06-08,0.8401349782943726,0.8415870070457458,0.7596499919891357,0.7927160263061523,0.7927160263061523,10188645
2022-06-09,0.7927200198173523,0.7957789897918701,0.6870700120925903,0.6898249983787537,0.6898249983787537,7832391
2022-06-10,0.6895260214805603,0.7359349727630615,0.6423839926719666,0.6562399864196777,0.6562399864196777,8393993
2022-06-11,0.6562430262565613,0.6842929720878601,0.528203010559082,0.5914440155029297,0.5914440155029297,10873321
2022-06-12,0.5915129780769348,0.5934720039367676,0.5095999836921692,0.5266919732093811,0.5266919732093811,11488141
2022-06-13,0.5261510014533997,0.5335789918899536,0.43000999093055725,0.44678598642349243,0.44678598642349243,14988263
2022-06-14,0.4467869997024536,0.4870780110359192,0.4227370023727417,0.4636630117893219,0.4636630117893219,9184941
2022-06-15,0.4636569917201996,0.4763000011444092,0.39373698830604553,0.46958398818969727,0.46958398818969727,8025173
2022-06-16,0.469635009765625,0.5916100144386292,0.469635009765625,0.49340200424194336,0.49340200424194336,16684182
2022-06-17,0.4934549927711487,0.5664049983024597,0.4885280132293701,0.5533279776573181,0.5533279776573181,10360053
2022-06-18,0.553180992603302,0.563621997833252,0.448853999376297,0.508188009262085,0.508188009262085,8967179
2022-06-19,0.5081080198287964,0.5317019820213318,0.46616899967193604,0.5179659724235535,0.5179659724235535,7938384
2022-06-20,0.5172320008277893,0.5236849784851074,0.47257301211357117,0.5052649974822998,0.5052649974822998,7065518
2022-06-21,0.5052239894866943,0.6128439903259277,0.4908269941806793,0.5567150115966797,0.5567150115966797,9236210
2022-06-22,0.5567070245742798,0.5574889779090881,0.5039309859275818,0.5240600109100342,0.5240600109100342,7566940
2022-06-23,0.5241720080375671,0.5380430221557617,0.5035030245780945,0.5281080007553101,0.5281080007553101,5991553
2022-06-24,0.5282379984855652,0.5557649731636047,0.5220990180969238,0.549094021320343,0.549094021320343,6725402
2022-06-25,0.5502740144729614,0.6030849814414978,0.542182981967926,0.5766540169715881,0.5766540169715881,7995167
2022-06-26,0.5765330195426941,0.5994240045547485,0.5377479791641235,0.5395230054855347,0.5395230054855347,6272255
2022-06-27,0.5394790172576904,0.5567860007286072,0.5306259989738464,0.5424450039863586,0.5424450039863586,5262297
2022-06-28,0.54230797290802,0.5523800253868103,0.49381500482559204,0.49694499373435974,0.49694499373435974,5054551
2022-06-29,0.4969489872455597,0.5060819983482361,0.4698300063610077,0.48412999510765076,0.48412999510765076,4823460
2022-06-30,0.48416298627853394,0.48416298627853394,0.44617998600006104,0.4705849885940552,0.4705849885940552,3768670
2022-07-01,0.4708450138568878,0.4881359934806824,0.4515930116176605,0.4515930116176605,0.4515930116176605,2870412
2022-07-02,0.451896995306015,0.45628198981285095,0.42960500717163086,0.43324699997901917,0.43324699997901917,3498986
2022-07-03,0.4332030117511749,0.43408000469207764,0.4180290102958679,0.4268769919872284,0.4268769919872284,2859099
2022-07-04,0.42667099833488464,0.444582998752594,0.4209910035133362,0.44435998797416687,0.44435998797416687,2622894
2022-07-05,0.44436800479888916,0.4488919973373413,0.42322900891304016,0.44034698605537415,0.44034698605537415,3662135
2022-07-06,0.4403400123119354,0.4497779905796051,0.4277530014514923,0.4424299895763397,0.4424299895763397,3571611
2022-07-07,0.4424229860305786,0.4700790047645569,0.43314599990844727,0.45709699392318726,0.45709699392318726,3085693
2022-07-08,0.4571380019187927,0.5963979959487915,0.452131986618042,0.5245699882507324,0.5245699882507324,11286156
2022-07-09,0.5235729813575745,0.5626699924468994,0.5111200213432312,0.5145159959793091,0.5145159959793091,7175683
2022-07-10,0.5144240260124207,0.5188949704170227,0.4737609922885895,0.4809199869632721,0.4809199869632721,4146278
2022-07-11,0.4809289872646332,0.4809289872646332,0.43651100993156433,0.44557300209999084,0.44557300209999084,2914527
2022-07-12,0.4464600086212158,0.4645409882068634,0.43516799807548523,0.4578700065612793,0.4578700065612793,3373314
2022-07-13,0.45774000883102417,0.4620850086212158,0.4066680073738098,0.4462679922580719,0.4462679922580719,3833357
2022-07-14,0.4461919963359833,0.45306700468063354,0.4275529980659485,0.45011401176452637,0.45011401176452637,2551724
2022-07-15,0.4501129984855652,0.47396400570869446,0.44747400283813477,0.46369799971580505,0.46369799971580505,2872071
2022-07-16,0.4637030065059662,0.5007849931716919,0.44603198766708374,0.46810099482536316,0.46810099482536316,3929475
2022-07-17,0.4681270122528076,0.4834519922733307,0.4415000081062317,0.44607800245285034,0.44607800245285034,5615818
2022-07-18,0.4461120069026947,0.48159000277519226,0.4459730088710785,0.4769259989261627,0.4769259989261627,4450689
2022-07-19,0.4766930043697357,0.4845240116119385,0.4565350115299225,0.4735249876976013,0.4735249876976013,3668712
2022-07-20,0.4736270010471344,0.5021929740905762,0.43628498911857605,0.44986000657081604,0.44986000657081604,5137188
2022-07-21,0.44992199540138245,0.4697920083999634,0.43606099486351013,0.4645240008831024,0.4645240008831024,3334982
2022-07-22,0.4645259976387024,0.4730910062789917,0.4376539885997772,0.4455449879169464,0.4455449879169464,2907837
2022-07-23,0.445499986410141,0.4553239941596985,0.4283609986305237,0.4425950050354004,0.4425950050354004,2234299
2022-07-24,0.44234099984169006,0.4496159851551056,0.4379119873046875,0.4389449954032898,0.4389449954032898,1878304
2022-07-25,0.439175009727478,0.4396890103816986,0.4089429974555969,0.4089969992637634,0.4089969992637634,1988224
2022-07-26,0.40895599126815796,0.40895599126815796,0.3878139853477478,0.4034920036792755,0.4034920036792755,1582018
2022-07-27,0.40352699160575867,0.41448700428009033,0.35951799154281616,0.4060780107975006,0.4060780107975006,5092727
2022-07-28,0.40605300664901733,0.43658000230789185,0.3941810131072998,0.42664000391960144,0.42664000391960144,3386891
2022-07-29,0.4266810119152069,0.4567370116710663,0.4168570041656494,0.43278300762176514,0.43278300762176514,3962183
2022-07-30,0.4329409897327423,0.459540992975235,0.429641991853714,0.4338949918746948,0.4338949918746948,2926978
2022-07-31,0.43374499678611755,0.45521101355552673,0.42512398958206177,0.427590012550354,0.427590012550354,3189215
2022-08-01,0.427592009305954,0.43847501277923584,0.40383100509643555,0.41208600997924805,0.41208600997924805,2770979
2022-08-02,0.4120270013809204,0.4137910008430481,0.38258400559425354,0.39479199051856995,0.39479199051856995,2345867
2022-08-03,0.3947699964046478,0.4342769980430603,0.38914498686790466,0.40504398941993713,0.40504398941993713,3052816
2022-08-04,0.40501898527145386,0.4455470144748688,0.404246985912323,0.41947799921035767,0.41947799921035767,4237631
2022-08-05,0.41950398683547974,0.4349159896373749,0.4163700044155121,0.43011999130249023,0.43011999130249023,2497003
2022-08-06,0.4299759864807129,0.43020498752593994,0.41197800636291504,0.4133940041065216,0.4133940041065216,2271149
2022-08-07,0.41345199942588806,0.4529620110988617,0.4069550037384033,0.42187899351119995,0.42187899351119995,4115513
2022-08-08,0.423115998506546,0.4302859902381897,0.41781899333000183,0.42187801003456116,0.42187801003456116,3030101
2022-08-09,0.4218690097332001,0.42851799726486206,0.3898720145225525,0.40415000915527344,0.40415000915527344,3638860
2022-08-10,0.4042620062828064,0.4248630106449127,0.39292699098587036,0.41641101241111755,0.41641101241111755,2750502
2022-08-11,0.4163359999656677,0.44191598892211914,0.4009290039539337,0.40274399518966675,0.40274399518966675,3661412
2022-08-12,0.4028710126876831,0.4380030035972595,0.4013429880142212,0.4276689887046814,0.4276689887046814,3207513
2022-08-13,0.4273500144481659,0.42949599027633667,0.4114220142364502,0.41394099593162537,0.41394099593162537,2549024
2022-08-14,0.41394999623298645,0.41979101300239563,0.4053939878940582,0.40591099858283997,0.40591099858283997,2572166
2022-08-15,0.4058620035648346,0.4166660010814667,0.4010460078716278,0.41122499108314514,0.41122499108314514,2857438
2022-08-16,0.41095298528671265,0.41262000799179077,0.4043940007686615,0.40815600752830505,0.40815600752830505,1834316
2022-08-17,0.4082320034503937,0.4186829924583435,0.38412800431251526,0.38453400135040283,0.38453400135040283,2451181
2022-08-18,0.3845359981060028,0.4015659987926483,0.3720270097255707,0.3722800016403198,0.3722800016403198,1959937
2022-08-19,0.372094988822937,0.37303999066352844,0.3294430077075958,0.33968299627304077,0.33968299627304077,4766159
2022-08-20,0.33977800607681274,0.3781619966030121,0.3394460082054138,0.36720600724220276,0.36720600724220276,3032520
2022-08-21,0.3672040104866028,0.37916100025177,0.3642660081386566,0.37058401107788086,0.37058401107788086,2600026
2022-08-22,0.3705030083656311,0.42311298847198486,0.3680109977722168,0.4052950143814087,0.4052950143814087,11935167
2022-08-23,0.4060400128364563,0.4060400128364563,0.3697800040245056,0.39093300700187683,0.39093300700187683,28937257
2022-08-24,0.3909299969673157,0.39132601022720337,0.3680970072746277,0.36848801374435425,0.36848801374435425,26539735
2022-08-25,0.36854100227355957,0.3759920001029968,0.3551119863986969,0.36458998918533325,0.36458998918533325,19586777
2022-08-26,0.3645380139350891,0.3645380139350891,0.32361799478530884,0.32993900775909424,0.32993900775909424,8961877
2022-08-27,0.3300609886646271,0.3340210020542145,0.32101500034332275,0.3294849991798401,0.3294849991798401,17090040
2022-08-28,0.3294050097465515,0.33318400382995605,0.31401100754737854,0.31401100754737854,0.31401100754737854,19328403
2022-08-29,0.3140360116958618,0.3412579894065857,0.3140360116958618,0.3335050046443939,0.3335050046443939,16936868
2022-08-30,0.3335050046443939,0.33827000856399536,0.31433600187301636,0.3214069902896881,0.3214069902896881,31133807
2022-08-31,0.321384996175766,0.33233198523521423,0.31884801387786865,0.31950899958610535,0.31950899958610535,29720379
2022-09-01,0.31951799988746643,0.32302799820899963,0.3025520145893097,0.3161050081253052,0.3161050081253052,17032812
2022-09-02,0.3161570131778717,0.37122198939323425,0.31139400601387024,0.35222700238227844,0.35222700238227844,48054922
2022-09-03,0.3522300124168396,0.366923987865448,0.34149500727653503,0.36074098944664,0.36074098944664,66774717
2022-09-04,0.36081400513648987,0.3631730079650879,0.3476629853248596,0.3604469895362854,0.3604469895362854,32915541
2022-09-05,0.36034199595451355,0.3651120066642761,0.3460580110549927,0.3529529869556427,0.3529529869556427,17941359
2022-09-06,0.35282498598098755,0.358146995306015,0.3083829879760742,0.3171440064907074,0.3171440064907074,11127319
2022-09-07,0.31719401478767395,0.33194899559020996,0.30873799324035645,0.32503700256347656,0.32503700256347656,13810183
2022-09-08,0.3248960077762604,0.3342539966106415,0.3165209889411926,0.3262600004673004,0.3262600004673004,9714279
2022-09-09,0.32611599564552307,0.33947399258613586,0.3230319917201996,0.33334699273109436,0.33334699273109436,9970101
2022-09-10,0.3332569897174835,0.3405030071735382,0.32679298520088196,0.3328790068626404,0.3328790068626404,13364313
2022-09-11,0.3328779935836792,0.33530598878860474,0.3230830132961273,0.32986998558044434,0.32986998558044434,9996098
2022-09-12,0.3298490047454834,0.33073100447654724,0.3157980144023895,0.3176940083503723,0.3176940083503723,12830287
2022-09-13,0.3176819980144501,0.32233700156211853,0.2980160117149353,0.3113679885864258,0.3113679885864258,8744129
2022-09-14,0.3069570064544678,0.34973999857902527,0.30539101362228394,0.3232020139694214,0.3232020139694214,12103401
2022-09-15,0.32327601313591003,0.3249189853668213,0.298678994178772,0.30080801248550415,0.30080801248550415,11202420
2022-09-16,0.30090200901031494,0.3084549903869629,0.29316699504852295,0.29994699358940125,0.29994699358940125,2997193
2022-09-17,0.29996898770332336,0.31486400961875916,0.29996898770332336,0.3147769868373871,0.3147769868373871,2437339
2022-09-18,0.31477299332618713,0.5670080184936523,0.3053309917449951,0.43173500895500183,0.43173500895500183,38203925
2022-09-19,0.4317589998245239,0.5448660254478455,0.37680700421333313,0.38593798875808716,0.38593798875808716,24500347
2022-09-20,0.38600701093673706,0.44020599126815796,0.36895298957824707,0.41665199398994446,0.41665199398994446,22437060
2022-09-21,0.4167889952659607,0.42078399658203125,0.36676400899887085,0.3795880079269409,0.3795880079269409,17907350
2022-09-22,0.3795129954814911,0.39997801184654236,0.37147098779678345,0.3935779929161072,0.3935779929161072,5679436
2022-09-23,0.39325401186943054,0.4079360067844391,0.3635239899158478,0.40731000900268555,0.40731000900268555,22691907
2022-09-24,0.40727999806404114,0.4124790132045746,0.3727329969406128,0.37857601046562195,0.37857601046562195,25924555
2022-09-25,0.3785020112991333,0.502295970916748,0.37534299492836,0.47423601150512695,0.47423601150512695,34327108
2022-09-26,0.4742169976234436,0.5396770238876343,0.4468649923801422,0.4772390127182007,0.4772390127182007,17961519
2022-09-27,0.47705599665641785,0.47806400060653687,0.4237239956855774,0.43404799699783325,0.43404799699783325,8473450
2022-09-28,0.4340600073337555,0.4684010148048401,0.40802401304244995,0.4270769953727722,0.4270769953727722,10910240
2022-09-29,0.42625901103019714,0.43076300621032715,0.413116991519928,0.42478400468826294,0.42478400468826294,5410050
2022-09-30,0.4247890114784241,0.4260779917240143,0.395563006401062,0.4028930068016052,0.4028930068016052,5105553
2022-10-01,0.40284299850463867,0.4082289934158325,0.3930850028991699,0.3952069878578186,0.3952069878578186,2642348
2022-10-02,0.3952940106391907,0.3981969952583313,0.3699229955673218,0.3699229955673218,0.3699229955673218,2960838
2022-10-03,0.36987999081611633,0.3875490128993988,0.35289499163627625,0.37362098693847656,0.37362098693847656,11326044
2022-10-04,0.37376299500465393,0.4344480037689209,0.37235501408576965,0.4201680123806,0.4201680123806,17879992
2022-10-05,0.42010200023651123,0.4277400076389313,0.39728298783302307,0.39960500597953796,0.39960500597953796,8102009
2022-10-06,0.3996500074863434,0.4044249951839447,0.38487300276756287,0.3867790102958679,0.3867790102958679,10553693
2022-10-07,0.38673898577690125,0.3907090127468109,0.3794350028038025,0.3906640112400055,0.3906640112400055,10592366
2022-10-08,0.3908030092716217,0.3922420144081116,0.35482800006866455,0.36755800247192383,0.36755800247192383,10289073
2022-10-09,0.36759400367736816,0.3778989911079407,0.3624410033226013,0.3655259907245636,0.3655259907245636,7662429
2022-10-10,0.3654929995536804,0.3696939945220947,0.34970900416374207,0.349727988243103,0.349727988243103,15620119
2022-10-11,0.349714994430542,0.349714994430542,0.33524900674819946,0.33749499917030334,0.33749499917030334,21155766
2022-10-12,0.3377610146999359,0.34593701362609863,0.3353779911994934,0.3386079967021942,0.3386079967021942,28253050
2022-10-13,0.3385539948940277,0.33941298723220825,0.2994999885559082,0.32714200019836426,0.32714200019836426,41250929
2022-10-14,0.3272089958190918,0.34856998920440674,0.3169269859790802,0.34632501006126404,0.34632501006126404,48621811
2022-10-15,0.34640198945999146,0.34670498967170715,0.33036598563194275,0.3329339921474457,0.3329339921474457,29229348
2022-10-16,0.33316999673843384,0.34104299545288086,0.329710990190506,0.33244699239730835,0.33244699239730835,35658167
2022-10-17,0.33242300152778625,0.3371039927005768,0.3245219886302948,0.33103498816490173,0.33103498816490173,37059347
2022-10-18,0.33099600672721863,0.3340429961681366,0.3171969950199127,0.32135799527168274,0.32135799527168274,34373081
2022-10-19,0.3213370144367218,0.3222790062427521,0.30267199873924255,0.303072988986969,0.303072988986969,22777580
2022-10-20,0.3030250072479248,0.3141910135746002,0.30208900570869446,0.30540499091148376,0.30540499091148376,13678169
2022-10-21,0.30543699860572815,0.32665199041366577,0.29643499851226807,0.31421399116516113,0.31421399116516113,8793061
2022-10-22,0.3141990005970001,0.31813299655914307,0.30987098813056946,0.31565698981285095,0.31565698981285095,7978916
2022-10-23,0.3156050145626068,0.31863200664520264,0.3077020049095154,0.31757301092147827,0.31757301092147827,6122920
2022-10-24,0.31751999258995056,0.31763699650764465,0.3053770065307617,0.3059369921684265,0.3059369921684265,7282007
2022-10-25,0.3060010075569153,0.39218801259994507,0.30564698576927185,0.3794519901275635,0.3794519901275635,18637671
2022-10-26,0.3790929913520813,0.3828670084476471,0.3396359980106354,0.3437129855155945,0.3437129855155945,23019400
2022-10-27,0.3435690104961395,0.3589720129966736,0.3309189975261688,0.33459600806236267,0.33459600806236267,31441397
2022-10-28,0.33454999327659607,0.3387030065059662,0.32107600569725037,0.32728099822998047,0.32728099822998047,29945762
2022-10-29,0.3273710012435913,0.3388729989528656,0.3178980052471161,0.32097700238227844,0.32097700238227844,35979266
2022-10-30,0.3209640085697174,0.35334500670433044,0.32089099287986755,0.3295080065727234,0.3295080065727234,39332273
2022-10-31,0.3294619917869568,0.3388969898223877,0.31780898571014404,0.323199987411499,0.323199987411499,30321935
2022-11-01,0.3232080042362213,0.3323169946670532,0.31576600670814514,0.32096201181411743,0.32096201181411743,16711171
2022-11-02,0.32100099325180054,0.3214989900588989,0.3053939938545227,0.3111169934272766,0.3111169934272766,18138419
2022-11-03,0.31112998723983765,0.3264159858226776,0.3103660047054291,0.31694599986076355,0.31694599986076355,45379323
2022-11-04,0.3169269859790802,0.34619200229644775,0.3131360113620758,0.33762800693511963,0.33762800693511963,50031867
2022-11-05,0.3375779986381531,0.3528060019016266,0.3361490070819855,0.34145399928092957,0.34145399928092957,57959972
2022-11-06,0.34144100546836853,0.34584900736808777,0.32305198907852173,0.323186993598938,0.323186993598938,55750733
2022-11-07,0.3231070041656494,0.33320900797843933,0.31863099336624146,0.32321301102638245,0.32321301102638245,89914343
2022-11-08,0.3233270049095154,0.3265889883041382,0.2600789964199066,0.2888430058956146,0.2888430058956146,60377584
2022-11-09,0.2888469994068146,0.28888198733329773,0.21406100690364838,0.21890799701213837,0.21890799701213837,40025353
2022-11-10,0.21892400085926056,0.26772698760032654,0.2180040031671524,0.26363199949264526,0.26363199949264526,25689061
2022-11-11,0.2636120021343231,0.2636120021343231,0.23560400307178497,0.2511669993400574,0.2511669993400574,7483842
2022-11-12,0.25126200914382935,0.30473101139068604,0.2491230070590973,0.28679099678993225,0.28679099678993225,5896284
2022-11-13,0.286873996257782,0.287553995847702,0.2486419975757599,0.2683410048484802,0.2683410048484802,3867099
2022-11-14,0.26841598749160767,0.2707650065422058,0.24457399547100067,0.2586570084095001,0.2586570084095001,3047518
2022-11-15,0.25852999091148376,0.2657800018787384,0.2527480125427246,0.2561759948730469,0.2561759948730469,3786793
2022-11-16,0.25620999932289124,0.25647398829460144,0.24004800617694855,0.24265800416469574,0.24265800416469574,2709574
2022-11-17,0.24269600212574005,0.25986799597740173,0.2391580045223236,0.24184000492095947,0.24184000492095947,2251993
2022-11-18,0.24183699488639832,0.25402799248695374,0.23784099519252777,0.2411320060491562,0.2411320060491562,1896268
2022-11-19,0.24105699360370636,0.24390800297260284,0.23532399535179138,0.2398959994316101,0.2398959994316101,1596279
2022-11-20,0.23996199667453766,0.2408210039138794,0.22414100170135498,0.22461000084877014,0.22461000084877014,1637983
2022-11-21,0.22458399832248688,0.22463199496269226,0.21414799988269806,0.2201939970254898,0.2201939970254898,1888664
2022-11-22,0.2201160043478012,0.22866900265216827,0.216949000954628,0.2282010018825531,0.2282010018825531,2193721
2022-11-23,0.22819100320339203,0.2358199954032898,0.22542299330234528,0.2329780012369156,0.2329780012369156,1798641
2022-11-24,0.2329549938440323,0.23416699469089508,0.2300499975681305,0.23161399364471436,0.23161399364471436,1714745
2022-11-25,0.23166100680828094,0.24568399786949158,0.22876599431037903,0.23681800067424774,0.23681800067424774,2002363
2022-11-26,0.2368219941854477,0.2426300048828125,0.23289799690246582,0.23461300134658813,0.23461300134658813,1723535
2022-11-27,0.23462599515914917,0.2404559999704361,0.231796994805336,0.23227399587631226,0.23227399587631226,1692051
2022-11-28,0.23226900398731232,0.23398999869823456,0.22102700173854828,0.22503100335597992,0.22503100335597992,1609207
2022-11-29,0.22509099543094635,0.24828700721263885,0.22457200288772583,0.2470110058784485,0.2470110058784485,2794067
2022-11-30,0.24676500260829926,0.2510330080986023,0.2378299981355667,0.24241100251674652,0.24241100251674652,2138129
2022-12-01,0.24237099289894104,0.24527299404144287,0.23294800519943237,0.23502300679683685,0.23502300679683685,1645637
2022-12-02,0.23505799472332,0.236968994140625,0.23068900406360626,0.23676100373268127,0.23676100373268127,1675300
2022-12-03,0.23684200644493103,0.23739099502563477,0.23009100556373596,0.23034699261188507,0.23034699261188507,1549528
2022-12-04,0.23039500415325165,0.2441670000553131,0.2301110029220581,0.240557000041008,0.240557000041008,1904830
2022-12-05,0.24055199325084686,0.25513800978660583,0.2344300001859665,0.2367909997701645,0.2367909997701645,2083396
2022-12-06,0.23674200475215912,0.23966200649738312,0.23352600634098053,0.23750799894332886,0.23750799894332886,1274011
2022-12-07,0.23744399845600128,0.2393459975719452,0.22062399983406067,0.22425399720668793,0.22425399720668793,1582552
2022-12-08,0.22415900230407715,0.234266996383667,0.22215799987316132,0.23306800425052643,0.23306800425052643,1435031
2022-12-09,0.23311200737953186,0.2365809977054596,0.23248499631881714,0.23540300130844116,0.23540300130844116,1569463
2022-12-10,0.23552599549293518,0.2626650035381317,0.23097500205039978,0.25458499789237976,0.25458499789237976,2048793
2022-12-11,0.2544960081577301,0.2599239945411682,0.23518800735473633,0.23861899971961975,0.23861899971961975,2427995
2022-12-12,0.23865999281406403,0.23865999281406403,0.22622700035572052,0.22901000082492828,0.22901000082492828,1395787
2022-12-13,0.22898900508880615,0.23427699506282806,0.22447800636291504,0.233024001121521,0.233024001121521,1433365
2022-12-14,0.23308700323104858,0.23746900260448456,0.22609399259090424,0.23058100044727325,0.23058100044727325,1334498
2022-12-15,0.23058800399303436,0.23058800399303436,0.22023899853229523,0.22262300550937653,0.22262300550937653,1387950
2022-12-16,0.22264699637889862,0.22709499299526215,0.19352099299430847,0.1948779970407486,0.1948779970407486,1644061
2022-12-17,0.1948850005865097,0.2087000012397766,0.19171300530433655,0.2083279937505722,0.2083279937505722,1876136
2022-12-18,0.20833000540733337,0.24307100474834442,0.20558799803256989,0.21807600557804108,0.21807600557804108,2595769
2022-12-19,0.218082994222641,0.2214449942111969,0.21303200721740723,0.21323899924755096,0.21323899924755096,2009955
2022-12-20,0.21324299275875092,0.23082299530506134,0.2130340039730072,0.2265319973230362,0.2265319973230362,2273657
2022-12-21,0.22650200128555298,0.22918300330638885,0.2209700047969818,0.22155499458312988,0.22155499458312988,1520387
2022-12-22,0.22157299518585205,0.22206400334835052,0.21248799562454224,0.2175939977169037,0.2175939977169037,1550439
2022-12-23,0.2176479995250702,0.22022899985313416,0.21569600701332092,0.21807199716567993,0.21807199716567993,1398604
2022-12-24,0.21798700094223022,0.22023899853229523,0.21783100068569183,0.21856699883937836,0.21856699883937836,1119854
2022-12-25,0.21853500604629517,0.2185879945755005,0.2063640058040619,0.2118539959192276,0.2118539959192276,1380856
2022-12-26,0.2117609977722168,0.2144169956445694,0.20703600347042084,0.20943400263786316,0.20943400263786316,1225802
2022-12-27,0.20945000648498535,0.21076400578022003,0.20611299574375153,0.20818600058555603,0.20818600058555603,1173354
2022-12-28,0.20817500352859497,0.20884400606155396,0.1971540004014969,0.19780899584293365,0.19780899584293365,3957173
2022-12-29,0.19782200455665588,0.2006099969148636,0.19533200562000275,0.19743399322032928,0.19743399322032928,1326666
2022-12-30,0.19737599790096283,0.20419900119304657,0.19310900568962097,0.20064200460910797,0.20064200460910797,1401872
2022-12-31,0.2000660002231598,0.2035669982433319,0.19825200736522675,0.19848699867725372,0.19848699867725372,1362366
2023-01-01,0.19845600426197052,0.19878000020980835,0.19416099786758423,0.19499200582504272,0.19499200582504272,1449947
2023-01-02,0.19499899446964264,0.20848700404167175,0.19338800013065338,0.20612099766731262,0.20612099766731262,1706624
2023-01-03,0.2061839997768402,0.20699399709701538,0.20182999968528748,0.20361800491809845,0.20361800491809845,1465273
2023-01-04,0.2036370038986206,0.21428200602531433,0.2031240016222,0.2049349993467331,0.2049349993467331,1447391
2023-01-05,0.20493100583553314,0.20667299628257751,0.20241600275039673,0.2043360024690628,0.2043360024690628,1774537
2023-01-06,0.20431099832057953,0.2145649939775467,0.20238299667835236,0.21126100420951843,0.21126100420951843,1748105
2023-01-07,0.21129600703716278,0.21304500102996826,0.20687299966812134,0.20887599885463715,0.20887599885463715,1620479
2023-01-08,0.20889000594615936,0.2558160126209259,0.20516100525856018,0.23921999335289001,0.23921999335289001,2951338
2023-01-09,0.2391429990530014,0.24769799411296844,0.22770099341869354,0.2295989990234375,0.2295989990234375,2417073
2023-01-10,0.22955000400543213,0.2316650003194809,0.224030002951622,0.22614000737667084,0.22614000737667084,2725346
2023-01-11,0.22619399428367615,0.2288379967212677,0.22144900262355804,0.22882899641990662,0.22882899641990662,1765273
2023-01-12,0.22859099507331848,0.23295100033283234,0.22232100367546082,0.22832000255584717,0.22832000255584717,1970286
2023-01-13,0.22832299768924713,0.24736599624156952,0.2244260013103485,0.23965699970722198,0.23965699970722198,2879733
2023-01-14,0.23977600038051605,0.27746498584747314,0.23893499374389648,0.27375999093055725,0.27375999093055725,3056896
2023-01-15,0.2737869918346405,0.2821820080280304,0.2512190043926239,0.25780901312828064,0.25780901312828064,2724103
2023-01-16,0.2578130066394806,0.2642180025577545,0.24287599325180054,0.25363999605178833,0.25363999605178833,2237487
2023-01-17,0.2537750005722046,0.25912898778915405,0.2464819997549057,0.24718999862670898,0.24718999862670898,2154754
2023-01-18,0.24710999429225922,0.2634499967098236,0.2220979928970337,0.22269900143146515,0.22269900143146515,2651110
2023-01-19,0.2226410061120987,0.2328760027885437,0.2207140028476715,0.23074400424957275,0.23074400424957275,2902755
2023-01-20,0.23072999715805054,0.24409699440002441,0.22536100447177887,0.24243800342082977,0.24243800342082977,2462125
2023-01-21,0.24257199466228485,0.256862998008728,0.24132299423217773,0.24646900594234467,0.24646900594234467,2564269
2023-01-22,0.24632400274276733,0.25912800431251526,0.24314400553703308,0.25477200746536255,0.25477200746536255,2235017
2023-01-23,0.25488701462745667,0.2772639989852905,0.2536120116710663,0.2668269872665405,0.2668269872665405,2774025
2023-01-24,0.26687198877334595,0.2707799971103668,0.23854200541973114,0.23998300731182098,0.23998300731182098,2288883
2023-01-25,0.2399670034646988,0.24895699322223663,0.23481999337673187,0.24583999812602997,0.24583999812602997,2190399
2023-01-26,0.24583999812602997,0.2659049928188324,0.24172799289226532,0.2587690055370331,0.2587690055370331,2769826
2023-01-27,0.2587429881095886,0.3672820031642914,0.25547799468040466,0.33304300904273987,0.33304300904273987,11813651
2023-01-28,0.33279600739479065,0.34046000242233276,0.2886289954185486,0.29889801144599915,0.29889801144599915,3952435
2023-01-29,0.29930898547172546,0.30715200304985046,0.29202601313591003,0.29862499237060547,0.29862499237060547,5363374
2023-01-30,0.2985279858112335,0.3117299973964691,0.2629599869251251,0.26942700147628784,0.26942700147628784,4025086
2023-01-31,0.26943400502204895,0.2854529917240143,0.26684901118278503,0.2778579890727997,0.2778579890727997,2519290
2023-02-01,0.2777960002422333,0.299888014793396,0.26376399397850037,0.295291006565094,0.295291006565094,2654594
2023-02-02,0.295183002948761,0.3064059913158417,0.2920440137386322,0.29234999418258667,0.29234999418258667,9670792
2023-02-03,0.2923530042171478,0.32852399349212646,0.2837409973144531,0.31696099042892456,0.31696099042892456,18904842
2023-02-04,0.3169179856777191,0.3169179856777191,0.3018440008163452,0.30402401089668274,0.30402401089668274,5660264
2023-02-05,0.30395200848579407,0.3062170147895813,0.2772060036659241,0.2826929986476898,0.2826929986476898,10969745
2023-02-06,0.282723993062973,0.2951900064945221,0.27804800868034363,0.28331199288368225,0.28331199288368225,13648902
2023-02-07,0.2832620143890381,0.3109770119190216,0.2829299867153168,0.3090980052947998,0.3090980052947998,11231281
2023-02-08,0.3091279864311218,0.321927011013031,0.2864840030670166,0.29528099298477173,0.29528099298477173,14044282
2023-02-09,0.2954930067062378,0.2954930067062378,0.2596850097179413,0.26309800148010254,0.26309800148010254,9453766
2023-02-10,0.26315000653266907,0.2892509996891022,0.26199600100517273,0.271371990442276,0.271371990442276,8706779
2023-02-11,0.27140700817108154,0.2769159972667694,0.2685210108757019,0.2750310003757477,0.2750310003757477,4697387
2023-02-12,0.2749600112438202,0.2830429971218109,0.2718009948730469,0.27424201369285583,0.27424201369285583,2343989
2023-02-13,0.2742440104484558,0.2772980034351349,0.25454598665237427,0.2676840126514435,0.2676840126514435,2423642
2023-02-14,0.2676289975643158,0.2753889858722687,0.26456400752067566,0.27362701296806335,0.27362701296806335,1691920
2023-02-15,0.27369099855422974,0.28831198811531067,0.2666580080986023,0.2870140075683594,0.2870140075683594,5596676
2023-02-16,0.28706100583076477,0.31965500116348267,0.28433701395988464,0.28672099113464355,0.28672099113464355,14141663
2023-02-17,0.28684499859809875,0.36695998907089233,0.28665798902511597,0.3661069869995117,0.3661069869995117,20867060
2023-02-18,0.3657039999961853,0.3657039999961853,0.33273300528526306,0.33555498719215393,0.33555498719215393,11213670
2023-02-19,0.33565300703048706,0.34032100439071655,0.31950798630714417,0.32054001092910767,0.32054001092910767,8299251
2023-02-20,0.3208560049533844,0.3255760073661804,0.3036139905452728,0.3091210126876831,0.3091210126876831,9874332
2023-02-21,0.3090519905090332,0.31141701340675354,0.2916620075702667,0.29838600754737854,0.29838600754737854,7498390
2023-02-22,0.2984029948711395,0.30471399426460266,0.28683799505233765,0.29891398549079895,0.29891398549079895,6180940
2023-02-23,0.2988309860229492,0.30281001329421997,0.29106301069259644,0.29557299613952637,0.29557299613952637,9364736
2023-02-24,0.2955999970436096,0.29721298813819885,0.2810800075531006,0.2868109941482544,0.2868109941482544,8291053
2023-02-25,0.286871999502182,0.29058200120925903,0.2745260000228882,0.2815859913825989,0.2815859913825989,13044922
2023-02-26,0.28151699900627136,0.2924230098724365,0.2803579866886139,0.2876580059528351,0.2876580059528351,13412769
2023-02-27,0.287649005651474,0.2914229929447174,0.28142300248146057,0.2842009961605072,0.2842009961605072,64645742
2023-02-28,0.2843010127544403,0.29061299562454224,0.2808690071105957,0.2817710041999817,0.2817710041999817,39037932
2023-03-01,0.28185200691223145,0.29193800687789917,0.28124698996543884,0.2892560064792633,0.2892560064792633,18755377
2023-03-02,0.28926199674606323,0.2898620069026947,0.27537599205970764,0.28005799651145935,0.28005799651145935,27556139
2023-03-03,0.2801330089569092,0.2811819911003113,0.24894100427627563,0.2530420124530792,0.2530420124530792,16062811
2023-03-04,0.2530289888381958,0.25786998867988586,0.2435300052165985,0.250777006149292,0.250777006149292,21977593
2023-03-05,0.25081199407577515,0.2554450035095215,0.24898800253868103,0.25147899985313416,0.25147899985313416,40308051
2023-03-06,0.25156599283218384,0.25519299507141113,0.24650700390338898,0.2525629997253418,0.2525629997253418,17047736
2023-03-07,0.25253599882125854,0.25549399852752686,0.243927001953125,0.2484779953956604,0.2484779953956604,12139443
2023-03-08,0.24849900603294373,0.24956999719142914,0.23258599638938904,0.2347629964351654,0.2347629964351654,23339647
2023-03-09,0.23472200334072113,0.2382809966802597,0.21119199693202972,0.21406899392604828,0.21406899392604828,14603650
2023-03-10,0.21408399939537048,0.21640999615192413,0.2014160007238388,0.2152629941701889,0.2152629941701889,2317540
2023-03-11,0.21525099873542786,0.22023199498653412,0.2095469981431961,0.217508003115654,0.217508003115654,2448391
2023-03-12,0.2174849957227707,0.23672200739383698,0.21439999341964722,0.23615099489688873,0.23615099489688873,4862562
2023-03-13,0.23614899814128876,0.24477100372314453,0.22633600234985352,0.24030299484729767,0.24030299484729767,8225516
2023-03-14,0.24036100506782532,0.25789201259613037,0.23982299864292145,0.2440059930086136,0.2440059930086136,10505227
2023-03-15,0.24397900700569153,0.2493389993906021,0.21843299269676208,0.22056999802589417,0.22056999802589417,11402472
2023-03-16,0.2205670028924942,0.23246200382709503,0.21865999698638916,0.23077599704265594,0.23077599704265594,3043811
2023-03-17,0.2308170050382614,0.2515009939670563,0.22858500480651855,0.25146299600601196,0.25146299600601196,12101066
2023-03-18,0.2515760064125061,0.27175000309944153,0.24910899996757507,0.27175000309944153,0.27175000309944153,24857044
2023-03-19,0.2715100049972534,0.28017398715019226,0.26124998927116394,0.2679530084133148,0.2679530084133148,29440223
2023-03-20,0.26777398586273193,0.2681629955768585,0.24626299738883972,0.24870699644088745,0.24870699644088745,20230531
2023-03-21,0.2486789971590042,0.25002801418304443,0.2373729944229126,0.24353399872779846,0.24353399872779846,32277141
2023-03-22,0.24352599680423737,0.2619749903678894,0.23326699435710907,0.2382819950580597,0.2382819950580597,22066628
2023-03-23,0.2382809966802597,0.2564930021762848,0.2382809966802597,0.24923600256443024,0.24923600256443024,14721282
2023-03-24,0.2492309957742691,0.2493479996919632,0.23029999434947968,0.23422199487686157,0.23422199487686157,9907528
2023-03-25,0.2342270016670227,0.23889900743961334,0.23186400532722473,0.2369849979877472,0.2369849979877472,11484788
2023-03-26,0.23707200586795807,0.24076899886131287,0.23492899537086487,0.239655002951622,0.239655002951622,4852859
2023-03-27,0.23971900343894958,0.24099400639533997,0.22171799838542938,0.22357599437236786,0.22357599437236786,4299372
2023-03-28,0.22354300320148468,0.22804999351501465,0.21849100291728973,0.22793500125408173,0.22793500125408173,2763957
2023-03-29,0.22785399854183197,0.23904399573802948,0.22623400390148163,0.2321140021085739,0.2321140021085739,1891275
2023-03-30,0.23210400342941284,0.2365729957818985,0.2182289958000183,0.22095400094985962,0.22095400094985962,2881730
2023-03-31,0.22091400623321533,0.22761300206184387,0.21781699359416962,0.22744199633598328,0.22744199633598328,1273354
2023-04-01,0.22759899497032166,0.2343129962682724,0.2273620069026947,0.231222003698349,0.231222003698349,13859910
2023-04-02,0.23148199915885925,0.23439599573612213,0.21978700160980225,0.22207899391651154,0.22207899391651154,6615072
2023-04-03,0.2221129983663559,0.22502100467681885,0.21664400398731232,0.22128799557685852,0.22128799557685852,1198940
2023-04-04,0.22128500044345856,0.22896000742912292,0.221002995967865,0.22696399688720703,0.22696399688720703,1409451
2023-04-05,0.2269359976053238,0.23175600171089172,0.22462299466133118,0.22815899550914764,0.22815899550914764,2194527
2023-04-06,0.22828200459480286,0.22842900454998016,0.22120000422000885,0.22373199462890625,0.22373199462890625,1061940
2023-04-07,0.2237440049648285,0.22499200701713562,0.2201240062713623,0.22179000079631805,0.22179000079631805,770546
2023-04-08,0.22174499928951263,0.22345399856567383,0.2172970026731491,0.2197510004043579,0.2197510004043579,888774
2023-04-09,0.2197369933128357,0.22637400031089783,0.21919900178909302,0.22541099786758423,0.22541099786758423,1303716
2023-04-10,0.22540299594402313,0.2277819961309433,0.22208699584007263,0.2277200073003769,0.2277200073003769,951336
2023-04-11,0.22772599756717682,0.2304220050573349,0.22432799637317657,0.2247920036315918,0.2247920036315918,1071780
2023-04-12,0.22482000291347504,0.22634099423885345,0.21945500373840332,0.22226999700069427,0.22226999700069427,992941
2023-04-13,0.2227959930896759,0.22974200546741486,0.22162200510501862,0.22759300470352173,0.22759300470352173,1115013
2023-04-14,0.2274399995803833,0.23429599404335022,0.22183899581432343,0.22509199380874634,0.22509199380874634,1733575
2023-04-15,0.22515200078487396,0.22833600640296936,0.22242699563503265,0.22812700271606445,0.22812700271606445,977252
2023-04-16,0.22812999784946442,0.23525799810886383,0.2247769981622696,0.2335669994354248,0.2335669994354248,1534948
2023-04-17,0.23358100652694702,0.23403400182724,0.2281389981508255,0.23108699917793274,0.23108699917793274,899374
2023-04-18,0.2310280054807663,0.23436300456523895,0.2277899980545044,0.23260200023651123,0.23260200023651123,1163220
2023-04-19,0.23260599374771118,0.23305900394916534,0.2085600048303604,0.21101200580596924,0.21101200580596924,1445159
2023-04-20,0.21100899577140808,0.21469199657440186,0.20331299304962158,0.20721599459648132,0.20721599459648132,1270606
2023-04-21,0.20723199844360352,0.20885199308395386,0.19144800305366516,0.19270899891853333,0.19270899891853333,1100092
2023-04-22,0.19274699687957764,0.2000100016593933,0.1925410032272339,0.19947899878025055,0.19947899878025055,837013
2023-04-23,0.19944599270820618,0.2002590000629425,0.19391800463199615,0.19800199568271637,0.19800199568271637,899933
2023-04-24,0.19800899922847748,0.19939999282360077,0.19406500458717346,0.19813400506973267,0.19813400506973267,826751
2023-04-25,0.19813600182533264,0.2025039941072464,0.1943800002336502,0.20183700323104858,0.20183700323104858,885343
2023-04-26,0.20177499949932098,0.2177100032567978,0.20030100643634796,0.2068690061569214,0.2068690061569214,1417118
2023-04-27,0.20698100328445435,0.2273010015487671,0.2067600041627884,0.21854500472545624,0.21854500472545624,3367860
2023-04-28,0.21853600442409515,0.2259729951620102,0.2166460007429123,0.21761199831962585,0.21761199831962585,1451089
2023-04-29,0.217616006731987,0.22783499956130981,0.21698600053787231,0.226842999458313,0.226842999458313,1379269
2023-04-30,0.22678931057453156,0.23301558196544647,0.22082869708538055,0.22298933565616608,0.22298933565616608,1167967
